[[ 36.]]:0 1 2 3 4 5 6 7 9 11 12 13 15 16 17 18 19 20 22 23 24 25 27 28 33 34 35 36 37 39 42 43 44 45 46 47 49 55 56 57 58 59 61 63 64 68 71 72 73 74 75 80 82 83 88 91 94 97 102 103 105 110 116 122 125 130 141 153 174 176 177 181 196 198 201 202 204 207 209 214 223 234 242 256 314 332 346 362 375 561 725 797 988 
[[ 1039.]]:184 266 300 373 427 446 457 460 467 490 499 519 588 597 607 616 620 621 622 630 632 633 639 642 645 648 649 654 659 660 661 666 711 714 717 747 755 756 761 780 785 795 817 909 968 970 975 1035 1036 1037 1038 1039 1044 1045 1047 1058 1072 1073 1074 1079 1080 1081 1082 1085 1086 1087 1088 1089 1090 1091 1092 1093 1094 1095 1096 1097 1098 1099 1101 1104 1105 1108 1117 1118 1119 1120 1121 1122 1123 1124 1125 1126 1127 1128 1130 1131 1168 1169 1170 
[[ 768.]]:76 104 106 111 114 154 155 190 226 230 277 279 281 298 359 379 386 394 395 403 433 451 453 459 485 494 506 508 509 514 520 537 544 545 568 574 575 576 578 581 585 589 592 598 602 608 627 638 719 729 740 757 762 764 766 767 768 781 791 798 801 806 826 830 831 833 838 839 840 841 850 853 857 873 886 925 926 928 929 938 962 
[[ 472.]]:312 411 424 430 436 441 448 450 471 472 511 527 546 549 584 590 594 595 600 609 636 782 812 825 835 847 860 869 874 875 890 904 906 931 933 961 964 1023 1028 1030 1031 1116 
[[ 715.]]:101 128 133 144 156 169 217 265 347 369 408 409 422 447 455 560 634 635 641 647 652 657 664 665 668 669 670 671 672 673 674 675 678 679 680 681 683 685 686 687 689 691 692 693 694 698 699 700 701 702 703 704 710 712 713 715 722 736 743 746 748 749 769 772 773 774 775 776 777 816 858 905 1019 1066 
[[ 1043.]]:10 210 221 291 310 321 354 358 393 434 443 463 468 470 497 539 559 569 662 716 727 819 844 901 915 919 978 979 980 981 983 984 985 986 987 989 990 992 995 996 1017 1018 1020 1021 1024 1040 1041 1043 1046 1052 1056 1057 1059 1061 1062 1063 1068 1070 1078 1102 1103 1106 1110 1111 1112 1113 1114 1133 1135 
[[ 1054.]]:252 260 261 296 304 305 324 384 385 404 412 440 444 445 454 476 482 484 486 529 530 531 551 580 628 629 631 640 653 663 707 726 742 744 758 760 763 783 786 793 820 829 849 876 877 878 879 880 881 889 921 922 940 942 952 963 976 977 998 1002 1009 1048 1049 1050 1053 1054 1055 1060 1064 1067 1071 
[[ 554.]]:30 53 60 67 69 70 93 96 98 99 109 117 120 126 135 137 138 140 146 147 150 151 158 159 163 165 168 175 178 180 182 185 189 194 205 206 215 222 255 290 292 295 301 306 317 318 320 323 325 327 328 349 352 363 365 367 389 416 421 426 429 431 542 552 554 555 912 913 1171 
[[ 927.]]:54 124 170 197 231 248 249 254 258 273 297 299 308 333 335 339 345 355 376 419 420 528 564 604 606 612 623 625 646 650 658 724 779 827 834 846 848 871 888 892 893 924 927 934 935 944 947 965 966 967 969 991 993 1010 1042 1051 1065 1069 1109 1132 1138 1139 1140 1142 1143 1144 1146 1147 1148 1149 1150 1152 1153 1154 1157 1159 1160 1161 1163 1164 1165 
[[ 414.]]:14 32 40 41 66 112 129 131 139 142 149 152 157 162 164 171 183 193 211 227 236 246 250 275 283 331 343 344 414 418 477 536 615 667 759 784 787 824 865 866 867 872 897 1134 1158 1162 
[[ 794.]]:136 166 172 179 188 192 195 199 208 216 329 368 371 382 407 417 439 480 493 496 524 535 577 579 591 601 626 745 751 794 803 808 818 930 1141 
[[ 145.]]:145 213 244 262 263 276 303 311 336 357 366 370 676 677 682 684 688 690 696 697 708 723 870 960 
[[ 611.]]:119 316 449 466 475 478 505 533 572 603 611 617 
[[ 268.]]:38 52 92 113 264 267 268 270 284 285 289 302 315 378 381 406 425 428 437 452 479 532 547 557 558 610 618 695 730 788 837 864 907 920 974 999 1034 1076 1129 1145 1151 1155 1156 
[[ 203.]]:8 21 26 29 48 50 107 118 121 123 148 160 167 173 186 187 203 212 224 228 232 233 239 243 245 307 313 319 326 330 342 350 351 353 364 432 488 510 515 538 562 565 567 643 644 705 706 709 738 739 750 800 804 859 882 895 900 903 917 918 941 946 955 956 957 959 971 1022 
[[ 624.]]:238 309 322 338 356 360 361 380 387 392 396 398 401 402 423 435 438 461 469 474 483 487 492 501 502 512 513 518 521 522 523 526 550 553 556 570 573 596 605 624 651 655 656 718 733 734 735 737 741 753 754 778 792 796 836 884 894 914 932 937 1083 1084 1100 1137 1166 1167 1172 1173 1174 
[[ 1000.]]:235 237 240 241 247 288 294 503 504 586 720 731 765 771 790 799 898 910 939 943 973 994 997 1000 1001 1004 1005 1006 1007 1008 1011 1012 1013 1014 1015 1016 1033 1075 1115 1136 
[[ 852.]]:852 855 856 861 862 887 891 
[[ 383.]]:31 51 62 65 77 78 79 81 84 85 86 87 89 90 95 100 108 115 127 132 143 161 191 200 218 219 220 225 229 251 253 257 259 269 271 272 274 278 280 282 286 287 293 334 337 340 341 348 372 374 377 383 388 390 391 399 400 405 410 413 415 442 456 458 462 464 465 489 491 498 500 507 516 517 534 541 563 566 571 583 587 599 613 614 619 728 732 789 802 805 807 810 815 821 822 823 851 863 868 885 896 899 902 908 916 923 936 
[[ 953.]]:134 397 473 481 495 525 540 543 548 582 593 637 721 752 770 809 811 813 814 828 832 842 843 845 854 883 911 945 948 949 950 951 953 954 958 972 982 1003 1025 1026 1027 1029 1032 1077 1107 
