[[ 203.]]:1 3 6 24 25 27 29 35 42 43 48 57 61 64 67 71 83 105 118 123 125 176 177 178 180 194 203 206 224 228 233 234 239 243 245 307 326 332 342 350 364 365 432 538 561 643 644 706 738 804 900 903 955 956 
[[ 1000.]]:193 211 227 235 236 237 240 241 247 250 283 288 294 418 477 504 536 720 731 759 771 787 790 799 865 866 871 898 910 943 973 994 997 998 1000 1001 1004 1005 1006 1007 1008 1011 1012 1013 1014 1015 1016 1033 1115 1134 1136 1149 1153 1163 
[[ 1043.]]:10 121 153 210 214 221 238 291 310 314 321 322 354 358 360 361 380 392 393 401 434 443 461 463 468 470 487 497 510 512 515 521 523 539 559 569 570 592 596 605 662 709 716 719 727 734 735 737 741 754 761 778 792 800 819 824 844 859 901 914 915 919 932 978 979 980 981 983 984 985 986 987 989 990 992 995 996 1017 1018 1020 1021 1024 1040 1041 1043 1046 1052 1056 1057 1059 1061 1062 1063 1068 1070 1078 1083 1084 1100 1102 1103 1106 1110 1111 1112 1113 1114 1133 1135 1137 1166 1172 1174 
[[ 929.]]:76 104 106 107 111 114 132 154 155 226 230 272 274 277 278 279 281 309 353 356 359 369 379 386 387 388 391 394 395 398 400 402 403 407 433 439 451 453 458 459 462 474 485 490 492 494 496 499 500 503 506 507 508 509 514 520 524 535 541 544 553 558 568 575 576 578 581 585 589 591 598 601 602 627 638 728 729 745 757 762 764 766 767 768 781 791 794 796 798 801 802 803 805 806 808 826 830 831 833 836 838 839 840 841 850 851 853 863 873 884 885 886 894 916 925 926 928 929 937 938 962 1167 1173 
[[ 481.]]:134 160 173 409 430 436 441 471 473 481 488 489 511 525 527 540 543 545 546 562 582 593 594 600 609 721 740 750 770 809 811 812 813 814 825 828 832 835 842 843 845 847 854 860 869 872 874 875 882 890 895 906 917 918 931 933 945 946 948 949 950 951 953 954 957 958 961 964 971 972 982 1003 1022 1023 1025 1026 1027 1028 1029 1030 1031 1032 1077 1107 
[[ 1095.]]:142 232 266 300 312 373 427 472 621 645 659 660 666 678 698 711 717 747 755 756 780 795 817 883 924 1035 1036 1037 1038 1039 1045 1058 1087 1088 1090 1091 1092 1093 1094 1095 1097 1117 1118 1119 1121 1122 1123 1131 1140 1141 1147 1152 
[[ 501.]]:58 73 103 108 166 172 179 188 192 198 199 208 216 338 371 375 382 411 423 435 438 469 480 483 493 501 502 513 518 522 526 550 556 573 579 614 624 626 651 655 656 718 725 733 751 818 
[[ 689.]]:676 677 681 682 683 684 685 686 688 689 690 691 694 696 697 699 700 701 708 710 713 722 723 736 749 769 772 773 774 775 776 777 870 952 1164 
[[ 244.]]:145 213 244 262 263 276 303 311 336 341 351 357 366 370 437 588 960 
[[ 478.]]:21 26 50 119 148 187 196 212 313 316 319 343 416 449 466 475 478 505 533 537 565 567 572 574 603 608 611 617 705 739 959 
[[ 1079.]]:215 296 460 590 597 606 620 622 630 632 633 649 661 782 785 939 967 968 970 975 1044 1047 1072 1073 1075 1079 1080 1081 1082 1085 1086 1089 1096 1098 1099 1101 1104 1108 1120 1124 1125 1126 1127 1128 1130 1168 1169 1170 1171 
[[ 1054.]]:30 252 260 261 304 305 324 384 385 397 404 412 440 444 445 454 476 482 484 486 529 530 531 551 580 628 629 631 637 640 653 663 695 707 726 742 744 752 758 760 763 783 786 793 820 829 849 876 877 878 879 880 881 889 911 921 922 934 940 963 976 977 1002 1009 1048 1049 1050 1053 1054 1055 1060 1064 1067 1071 1129 1155 1165 
[[ 715.]]:152 455 519 607 634 635 639 641 647 657 664 665 668 669 670 671 672 673 674 675 679 680 687 692 693 702 703 704 712 714 715 743 746 748 784 816 905 1019 
[[ 218.]]:0 2 4 5 7 8 11 13 15 18 19 22 28 33 34 36 39 46 47 49 55 59 65 68 72 74 75 77 78 80 82 84 87 88 90 91 94 97 102 122 130 141 167 174 186 190 195 201 202 204 207 209 218 242 256 280 282 298 329 330 337 346 362 396 577 941 
[[ 554.]]:45 53 60 69 70 93 96 98 99 109 117 120 126 135 137 138 140 146 147 150 151 158 159 163 165 168 175 182 185 189 205 222 255 259 292 295 301 306 317 318 320 323 325 327 328 348 349 352 363 367 381 389 390 421 426 429 431 495 542 548 552 554 555 810 815 902 912 913 
[[ 258.]]:32 139 149 157 162 171 183 231 246 248 249 258 273 297 299 308 333 335 339 345 376 414 419 420 424 448 457 528 564 584 604 612 623 646 650 827 834 848 893 897 927 935 944 966 969 991 993 1051 1065 1069 1116 1132 1146 1154 1160 
[[ 852.]]:852 855 856 857 861 862 887 891 
[[ 79.]]:9 20 23 31 51 62 63 79 81 85 86 89 95 100 115 127 136 143 161 191 200 219 220 225 229 251 253 257 269 271 286 287 290 293 334 340 368 372 374 383 399 405 410 413 415 417 442 456 465 491 498 516 517 534 563 566 587 599 613 619 732 753 797 807 821 822 823 868 896 899 908 923 930 936 988 
[[ 217.]]:12 16 17 37 40 41 44 66 101 112 128 129 131 133 144 156 169 217 223 265 275 331 344 347 408 422 446 447 450 467 549 560 595 616 636 642 652 654 846 858 904 1066 1158 1162 
[[ 268.]]:14 38 52 54 56 92 110 113 116 124 164 170 181 184 197 254 264 267 268 270 284 285 289 302 315 355 377 378 406 425 428 452 464 479 532 547 557 571 583 586 610 615 618 625 648 658 667 724 730 765 779 788 789 837 864 867 888 892 907 909 920 942 947 965 974 999 1010 1034 1042 1074 1076 1105 1109 1138 1139 1142 1143 1144 1145 1148 1150 1151 1156 1157 1159 1161 
